3
33
60
62
82
38
44
65
69
77
18
34
67
22
1
56
20
5
81
49
65
59
48
46
30
21
47
69
24
83
85
5
60
58
78
50
47
44
60
35
55
57
19
31
58
62
10
55
80
69
13
49
20
84
12
88
56
3
77
29
87
9
6
47
25
64
88
36
12
18
87
66
34
9
19
87
33
12
60
11
73
15
49
80
42
8
65
65
62
80
37
63
73
11
63
81
17
24
35
41
91
3
70
38
48
30
86
52
78
51
35
60
71
72
35
43
20
52
14
55
24
42
58
37
74
28
31
11
88
27
51
25
68
20
11
54
90
6
4
79
37
18
63
2
11
33
51
16
52
31
37
82
74
15
82
18
64
27
79
47
25
92
54
91
32
81
87
10
44
81
28
1
50
45
27
30
66
15
58
74
90
60
78
61
61
87
47
45
89
70
79
40
15
77
87
73
66
70
14
16
58
61
89
76
37
7
36
42
10
7
11
45
21
52
75
65
82
14
7
3
62
52
88
40
2
22
18
33
64
59
62
74
47
31
58
23
35
10
7
78
89
14
57
62
12
14
64
31
36
30
41
63
14
27
31
80
40
57
57
81
27
83
3
8
21
13
36
71
32
67
85
32
26
37
81
36
46
28
78
3
44
35
88
40
38
18
75
41
65
74
28
73
24
87
13
70
67
1
38
15
45
55
45
55
11
11
32
62
85
83
70
41
14
70
38
65
84
89
28
32
32
39
74
84
53
5
11
9
52
88
35
33
2
55
45
43
62
62
15
5
67
46
45
43
39
86
16
70
41
7
15
30
31
36
66
53
