13
3
6
18
7
8
19
4
17
1
20
6
12
1
19
11
16
11
11
17
18
7
12
9
4
18
17
10
19
16
2
7
4
12
10
9
5
16
11
8
10
12
17
8
17
12
2
14
9
1
17
13
14
14
17
19
13
4
9
9
14
1
18
6
3
6
6
12
19
18
18
17
16
10
4
8
8
3
7
15
15
12
11
6
18
20
13
4
8
7
8
18
6
11
18
12
10
3
13
14
8
2
11
16
13
16
15
5
8
11
6
13
2
11
6
16
5
17
12
4
15
19
14
7
8
20
16
7
15
11
19
8
8
14
7
1
10
10
2
1
4
16
5
13
16
19
15
1
16
20
8
2
20
10
9
13
14
16
18
16
8
20
6
10
6
16
17
20
5
5
17
18
6
13
17
9
3
12
9
18
11
4
11
14
19
3
9
18
5
1
14
12
4
9
3
19
14
6
10
10
2
2
14
13
4
10
19
15
11
19
3
17
5
13
12
14
12
19
3
16
17
16
8
6
10
9
4
19
15
6
18
4
6
16
14
3
9
2
8
14
6
7
4
20
6
14
7
1
16
2
14
10
8
1
6
7
11
20
18
19
14
17
10
14
6
17
6
6
6
20
2
7
14
14
3
3
6
7
4
20
17
13
20
4
7
15
4
10
17
6
18
13
16
17
16
17
19
4
16
6
10
10
14
8
9
2
17
17
2
17
19
10
6
9
12
16
19
14
13
9
16
14
17
4
11
13
17
7
17
5
20
14
5
13
19
10
3
9
15
12
5
11
6
18
20
14
18
13
11
18
12
20
7
19
2
12
6
7
13
14
16
3
16
8
10
7
11
18
18
3
10
19
10
17
7
13
12
15
3
19
13
6
13
2
16
19
7
19
6
5
9
17
18
12
16
9
6
15
1
9
2
13
14
1
17
18
5
12
17
20
15
12
1
16
7
5
7
3
8
11
16
20
16
3
4
10
5
2
3
11
9
5
1
16
6
18
12
2
9
14
18
8
19
10
9
8
13
8
7
9
7
6
5
10
12
8
16
1
2
16
18
5
11
10
18
7
16
5
7
11
16
3
1
16
19
16
9
15
7
12
13
18
2
5
15
7
18
12
6
9
5
4
15
1
3
3
18
11
16
8
14
12
17
2
4
18
10
12
5
3
18
20
5
15
18
14
14
15
20
9
7
12
3
13
10
19
12
14
4
12
15
11
10
13
1
8
6
19
7
10
4
5
2
9
12
13
1
16
10
16
15
5
9
20
20
18
2
11
7
4
17
7
1
19
16
15
6
11
2
2
17
11
8
12
16
16
20
2
19
1
9
12
17
10
12
6
17
16
13
3
6
5
4
16
5
3
20
4
20
13
1
12
17
3
8
18
11
13
18
13
20
3
3
3
10
9
14
8
5
13
2
16
1
7
2
5
1
12
4
18
18
17
2
1
19
13
12
20
8
12
3
6
8
7
19
18
14
2
2
19
20
6
17
11
8
20
11
3
20
11
14
2
9
12
6
20
20
10
3
11
14
4
1
3
18
18
19
18
2
12
8
19
18
8
7
9
15
18
2
12
13
2
10
10
1
10
18
4
1
8
5
3
15
13
12
9
3
4
4
17
1
8
12
18
15
8
15
3
20
13
9
5
2
19
20
20
20
1
10
17
16
7
13
10
18
7
4
14
16
7
17
6
17
4
1
17
2
13
16
12
11
15
3
8
2
18
15
12
14
17
6
12
14
9
4
14
7
10
4
17
13
11
17
2
10
3
16
1
11
1
16
15
4
11
18
7
19
14
13
6
3
12
6
17
4
13
9
17
12
9
1
6
15
17
8
20
16
20
20
15
16
20
15
20
2
9
18
3
4
10
1
10
18
10
20
14
4
6
3
14
3
17
15
6
16
10
16
20
1
3
13
12
16
4
19
7
3
20
10
12
14
14
12
1
15
2
6
8
2
5
2
14
6
17
15
7
17
6
19
4
12
9
13
3
6
17
5
3
7
13
18
10
20
17
4
10
12
8
12
12
8
14
20
1
17
14
19
1
7
16
10
3
10
6
5
11
19
9
3
4
20
14
10
12
12
2
12
6
10
10
14
11
19
14
3
20
1
19
5
7
1
16
13
11
17
10
16
12
19
4
17
17
1
19
15
13
13
12
16
7
3
7
9
7
18
14
19
17
8
16
19
8
12
20
2
13
10
3
15
12
6
5
2
12
20
12
14
16
1
9
8
13
3
7
3
20
3
8
19
9
18
9
3
16
14
13
10
12
5
15
